5566 150
 0 1
 0 2
 0 4
 0 7
 0 10
 0 13
 0 14
 0 15
 0 16
 0 17
 0 18
 0 19
 0 22
 0 24
 0 25
 0 26
 0 28
 0 30
 0 31
 0 32
 0 34
 0 38
 0 41
 0 43
 0 45
 0 48
 0 49
 0 50
 0 51
 0 53
 0 54
 0 57
 0 61
 0 63
 0 66
 0 67
 0 71
 0 73
 0 76
 0 77
 0 78
 0 79
 0 80
 0 83
 0 84
 0 85
 0 86
 0 87
 0 90
 0 92
 0 94
 0 95
 0 96
 0 99
 0 101
 0 105
 0 107
 0 108
 0 109
 0 110
 0 113
 0 116
 0 119
 0 121
 0 125
 0 127
 0 128
 0 131
 0 132
 0 133
 0 137
 0 138
 0 140
 0 146
 1 2
 1 3
 1 7
 1 8
 1 9
 1 10
 1 11
 1 12
 1 14
 1 15
 1 19
 1 22
 1 25
 1 26
 1 30
 1 34
 1 35
 1 36
 1 37
 1 39
 1 40
 1 42
 1 44
 1 46
 1 48
 1 50
 1 51
 1 52
 1 54
 1 55
 1 58
 1 59
 1 63
 1 64
 1 68
 1 70
 1 71
 1 75
 1 76
 1 77
 1 78
 1 80
 1 81
 1 82
 1 84
 1 85
 1 87
 1 89
 1 90
 1 92
 1 93
 1 94
 1 96
 1 103
 1 104
 1 106
 1 107
 1 108
 1 109
 1 111
 1 112
 1 114
 1 115
 1 118
 1 121
 1 122
 1 123
 1 124
 1 125
 1 128
 1 131
 1 133
 1 134
 1 135
 1 138
 1 139
 1 140
 1 142
 1 143
 1 146
 1 149
 2 3
 2 4
 2 7
 2 8
 2 10
 2 12
 2 13
 2 14
 2 16
 2 22
 2 23
 2 25
 2 27
 2 28
 2 29
 2 30
 2 31
 2 32
 2 33
 2 34
 2 35
 2 36
 2 37
 2 38
 2 39
 2 42
 2 45
 2 46
 2 48
 2 49
 2 53
 2 56
 2 57
 2 58
 2 59
 2 60
 2 62
 2 65
 2 68
 2 70
 2 71
 2 72
 2 73
 2 78
 2 79
 2 80
 2 81
 2 83
 2 86
 2 87
 2 88
 2 90
 2 97
 2 100
 2 102
 2 103
 2 105
 2 106
 2 108
 2 109
 2 111
 2 113
 2 114
 2 117
 2 119
 2 121
 2 122
 2 124
 2 125
 2 126
 2 136
 2 137
 2 139
 2 140
 2 141
 2 142
 2 144
 2 146
 2 147
 2 149
 3 4
 3 5
 3 7
 3 10
 3 11
 3 12
 3 13
 3 16
 3 17
 3 18
 3 19
 3 20
 3 22
 3 24
 3 30
 3 31
 3 32
 3 33
 3 35
 3 36
 3 38
 3 39
 3 40
 3 48
 3 51
 3 53
 3 54
 3 56
 3 58
 3 62
 3 64
 3 66
 3 68
 3 71
 3 72
 3 73
 3 77
 3 78
 3 79
 3 80
 3 84
 3 85
 3 86
 3 89
 3 91
 3 92
 3 93
 3 94
 3 100
 3 101
 3 102
 3 106
 3 107
 3 110
 3 111
 3 113
 3 118
 3 120
 3 123
 3 124
 3 125
 3 128
 3 132
 3 133
 3 135
 3 136
 3 139
 3 140
 3 141
 3 143
 4 5
 4 6
 4 7
 4 9
 4 12
 4 17
 4 18
 4 21
 4 22
 4 24
 4 25
 4 28
 4 32
 4 34
 4 36
 4 39
 4 41
 4 45
 4 48
 4 50
 4 51
 4 55
 4 59
 4 60
 4 63
 4 67
 4 72
 4 73
 4 74
 4 76
 4 79
 4 86
 4 87
 4 88
 4 90
 4 92
 4 93
 4 95
 4 96
 4 98
 4 102
 4 103
 4 104
 4 106
 4 108
 4 109
 4 111
 4 113
 4 114
 4 115
 4 116
 4 118
 4 120
 4 121
 4 122
 4 124
 4 128
 4 131
 4 132
 4 133
 4 134
 4 136
 4 138
 4 139
 4 140
 4 146
 4 147
 4 149
 5 6
 5 7
 5 8
 5 10
 5 11
 5 12
 5 13
 5 16
 5 19
 5 21
 5 22
 5 23
 5 24
 5 26
 5 29
 5 33
 5 35
 5 36
 5 43
 5 45
 5 47
 5 48
 5 49
 5 50
 5 51
 5 54
 5 55
 5 56
 5 58
 5 62
 5 63
 5 66
 5 70
 5 74
 5 75
 5 76
 5 78
 5 81
 5 82
 5 84
 5 85
 5 88
 5 90
 5 91
 5 92
 5 94
 5 96
 5 98
 5 101
 5 104
 5 105
 5 106
 5 108
 5 113
 5 116
 5 118
 5 119
 5 120
 5 123
 5 124
 5 128
 5 129
 5 132
 5 136
 5 137
 5 139
 5 140
 5 141
 5 143
 5 144
 5 146
 5 147
 5 148
 5 149
 6 9
 6 11
 6 12
 6 15
 6 17
 6 18
 6 23
 6 26
 6 29
 6 34
 6 38
 6 42
 6 45
 6 46
 6 48
 6 49
 6 52
 6 54
 6 56
 6 57
 6 61
 6 63
 6 64
 6 67
 6 75
 6 76
 6 79
 6 81
 6 82
 6 84
 6 85
 6 86
 6 87
 6 88
 6 93
 6 98
 6 99
 6 100
 6 101
 6 105
 6 108
 6 109
 6 110
 6 111
 6 113
 6 116
 6 123
 6 125
 6 127
 6 129
 6 130
 6 131
 6 132
 6 137
 6 138
 6 139
 6 141
 6 143
 6 145
 6 146
 6 149
 7 11
 7 13
 7 14
 7 16
 7 17
 7 19
 7 21
 7 23
 7 24
 7 26
 7 27
 7 29
 7 31
 7 34
 7 35
 7 37
 7 38
 7 39
 7 40
 7 42
 7 43
 7 45
 7 48
 7 53
 7 56
 7 57
 7 58
 7 59
 7 60
 7 61
 7 63
 7 72
 7 74
 7 76
 7 77
 7 79
 7 80
 7 87
 7 88
 7 89
 7 90
 7 92
 7 94
 7 95
 7 96
 7 103
 7 104
 7 105
 7 106
 7 107
 7 108
 7 111
 7 120
 7 122
 7 123
 7 124
 7 126
 7 127
 7 128
 7 130
 7 131
 7 133
 7 134
 7 136
 7 141
 7 142
 7 144
 7 147
 7 149
 8 9
 8 10
 8 12
 8 16
 8 18
 8 19
 8 22
 8 23
 8 24
 8 26
 8 29
 8 31
 8 32
 8 34
 8 35
 8 36
 8 40
 8 42
 8 43
 8 47
 8 51
 8 53
 8 54
 8 56
 8 57
 8 61
 8 62
 8 63
 8 64
 8 65
 8 67
 8 68
 8 69
 8 70
 8 72
 8 73
 8 75
 8 78
 8 79
 8 80
 8 81
 8 82
 8 83
 8 84
 8 85
 8 86
 8 87
 8 88
 8 89
 8 91
 8 92
 8 93
 8 96
 8 100
 8 101
 8 102
 8 104
 8 105
 8 107
 8 111
 8 113
 8 114
 8 115
 8 119
 8 124
 8 125
 8 126
 8 130
 8 131
 8 132
 8 133
 8 134
 8 136
 8 137
 8 140
 8 141
 8 144
 8 145
 8 146
 8 147
 8 148
 9 10
 9 11
 9 13
 9 15
 9 18
 9 22
 9 23
 9 24
 9 25
 9 29
 9 30
 9 31
 9 33
 9 34
 9 38
 9 42
 9 44
 9 46
 9 48
 9 51
 9 55
 9 57
 9 58
 9 59
 9 61
 9 63
 9 65
 9 68
 9 69
 9 70
 9 71
 9 73
 9 74
 9 75
 9 79
 9 80
 9 84
 9 85
 9 86
 9 89
 9 92
 9 95
 9 97
 9 98
 9 103
 9 104
 9 105
 9 106
 9 107
 9 114
 9 117
 9 121
 9 123
 9 124
 9 125
 9 127
 9 128
 9 132
 9 133
 9 134
 9 136
 9 137
 9 138
 9 140
 9 143
 9 144
 9 145
 9 146
 9 147
 9 148
 9 149
 10 13
 10 16
 10 17
 10 19
 10 20
 10 21
 10 22
 10 23
 10 26
 10 28
 10 29
 10 30
 10 31
 10 32
 10 35
 10 36
 10 38
 10 39
 10 40
 10 45
 10 47
 10 49
 10 50
 10 51
 10 53
 10 56
 10 58
 10 59
 10 60
 10 62
 10 64
 10 65
 10 66
 10 67
 10 69
 10 70
 10 71
 10 72
 10 75
 10 76
 10 78
 10 81
 10 84
 10 86
 10 87
 10 89
 10 90
 10 91
 10 94
 10 98
 10 99
 10 101
 10 103
 10 105
 10 109
 10 110
 10 111
 10 113
 10 114
 10 115
 10 117
 10 120
 10 121
 10 123
 10 127
 10 132
 10 135
 10 136
 10 138
 10 141
 10 142
 10 143
 10 145
 10 146
 11 12
 11 14
 11 15
 11 19
 11 21
 11 22
 11 24
 11 27
 11 28
 11 30
 11 32
 11 34
 11 35
 11 36
 11 37
 11 38
 11 39
 11 41
 11 43
 11 44
 11 45
 11 48
 11 50
 11 51
 11 52
 11 54
 11 58
 11 59
 11 60
 11 62
 11 64
 11 66
 11 67
 11 69
 11 70
 11 72
 11 73
 11 74
 11 76
 11 78
 11 79
 11 82
 11 83
 11 85
 11 86
 11 87
 11 92
 11 94
 11 95
 11 101
 11 106
 11 107
 11 111
 11 112
 11 113
 11 115
 11 119
 11 121
 11 122
 11 123
 11 124
 11 129
 11 134
 11 136
 11 137
 11 138
 11 139
 11 140
 11 141
 11 142
 11 146
 11 147
 12 14
 12 15
 12 17
 12 22
 12 23
 12 26
 12 28
 12 33
 12 34
 12 35
 12 37
 12 38
 12 39
 12 40
 12 44
 12 46
 12 47
 12 49
 12 52
 12 54
 12 55
 12 57
 12 59
 12 60
 12 62
 12 68
 12 71
 12 72
 12 73
 12 75
 12 76
 12 77
 12 78
 12 79
 12 80
 12 85
 12 87
 12 88
 12 92
 12 94
 12 96
 12 100
 12 101
 12 102
 12 103
 12 104
 12 105
 12 108
 12 109
 12 110
 12 111
 12 113
 12 117
 12 118
 12 119
 12 120
 12 122
 12 124
 12 125
 12 127
 12 128
 12 131
 12 133
 12 134
 12 135
 12 136
 12 137
 12 138
 12 139
 12 140
 12 141
 12 142
 12 145
 12 146
 12 147
 12 149
 13 15
 13 16
 13 17
 13 19
 13 22
 13 23
 13 24
 13 26
 13 28
 13 29
 13 30
 13 32
 13 34
 13 35
 13 38
 13 41
 13 45
 13 47
 13 48
 13 49
 13 50
 13 51
 13 52
 13 54
 13 57
 13 64
 13 65
 13 66
 13 67
 13 69
 13 70
 13 71
 13 72
 13 74
 13 75
 13 76
 13 79
 13 81
 13 86
 13 93
 13 98
 13 105
 13 106
 13 107
 13 109
 13 110
 13 111
 13 112
 13 115
 13 117
 13 119
 13 121
 13 122
 13 124
 13 127
 13 128
 13 130
 13 132
 13 133
 13 134
 13 135
 13 137
 13 138
 13 147
 13 148
 14 18
 14 22
 14 23
 14 24
 14 25
 14 28
 14 29
 14 30
 14 33
 14 35
 14 37
 14 44
 14 45
 14 46
 14 48
 14 49
 14 50
 14 51
 14 52
 14 54
 14 55
 14 56
 14 57
 14 59
 14 62
 14 69
 14 71
 14 72
 14 79
 14 80
 14 81
 14 83
 14 87
 14 89
 14 91
 14 93
 14 94
 14 95
 14 98
 14 99
 14 100
 14 101
 14 108
 14 110
 14 111
 14 113
 14 114
 14 115
 14 117
 14 118
 14 119
 14 120
 14 122
 14 123
 14 124
 14 128
 14 129
 14 132
 14 133
 14 134
 14 136
 14 137
 14 139
 14 140
 14 141
 14 143
 14 145
 14 148
 15 16
 15 17
 15 18
 15 21
 15 26
 15 28
 15 33
 15 35
 15 38
 15 41
 15 43
 15 45
 15 46
 15 48
 15 50
 15 52
 15 53
 15 54
 15 55
 15 59
 15 62
 15 63
 15 64
 15 65
 15 66
 15 68
 15 70
 15 72
 15 73
 15 77
 15 79
 15 80
 15 84
 15 85
 15 86
 15 87
 15 91
 15 92
 15 93
 15 95
 15 98
 15 101
 15 102
 15 103
 15 106
 15 107
 15 108
 15 109
 15 110
 15 111
 15 113
 15 114
 15 118
 15 119
 15 122
 15 129
 15 130
 15 132
 15 135
 15 136
 15 139
 15 142
 15 143
 15 144
 15 145
 15 148
 16 23
 16 24
 16 26
 16 28
 16 29
 16 32
 16 37
 16 38
 16 40
 16 41
 16 42
 16 45
 16 47
 16 48
 16 52
 16 54
 16 56
 16 62
 16 63
 16 64
 16 65
 16 66
 16 67
 16 68
 16 70
 16 73
 16 75
 16 77
 16 78
 16 81
 16 84
 16 85
 16 86
 16 89
 16 90
 16 91
 16 94
 16 96
 16 98
 16 105
 16 107
 16 108
 16 110
 16 112
 16 115
 16 117
 16 119
 16 120
 16 121
 16 123
 16 128
 16 129
 16 131
 16 138
 16 139
 16 141
 16 142
 16 147
 16 149
 17 19
 17 20
 17 25
 17 30
 17 31
 17 32
 17 34
 17 36
 17 38
 17 43
 17 44
 17 49
 17 50
 17 51
 17 52
 17 54
 17 56
 17 57
 17 58
 17 59
 17 61
 17 63
 17 65
 17 68
 17 69
 17 79
 17 80
 17 82
 17 83
 17 84
 17 85
 17 87
 17 88
 17 89
 17 90
 17 91
 17 92
 17 95
 17 97
 17 100
 17 101
 17 102
 17 103
 17 104
 17 106
 17 108
 17 109
 17 110
 17 111
 17 112
 17 114
 17 116
 17 117
 17 118
 17 119
 17 122
 17 124
 17 126
 17 127
 17 128
 17 130
 17 137
 17 138
 17 140
 17 141
 17 142
 17 143
 17 146
 17 148
 18 19
 18 22
 18 23
 18 25
 18 26
 18 27
 18 28
 18 29
 18 30
 18 31
 18 34
 18 37
 18 38
 18 39
 18 45
 18 46
 18 51
 18 52
 18 53
 18 54
 18 55
 18 57
 18 59
 18 62
 18 65
 18 66
 18 68
 18 69
 18 73
 18 74
 18 76
 18 78
 18 79
 18 80
 18 82
 18 83
 18 84
 18 87
 18 89
 18 90
 18 91
 18 95
 18 96
 18 98
 18 99
 18 100
 18 101
 18 103
 18 104
 18 105
 18 107
 18 108
 18 110
 18 113
 18 114
 18 116
 18 118
 18 120
 18 121
 18 122
 18 123
 18 129
 18 130
 18 131
 18 134
 18 135
 18 140
 18 142
 18 143
 18 148
 19 21
 19 22
 19 24
 19 26
 19 27
 19 28
 19 29
 19 30
 19 33
 19 34
 19 36
 19 37
 19 40
 19 42
 19 45
 19 46
 19 49
 19 50
 19 53
 19 55
 19 56
 19 58
 19 61
 19 63
 19 65
 19 66
 19 68
 19 70
 19 74
 19 78
 19 80
 19 81
 19 82
 19 85
 19 86
 19 87
 19 89
 19 90
 19 93
 19 94
 19 95
 19 96
 19 98
 19 99
 19 100
 19 103
 19 109
 19 114
 19 115
 19 117
 19 120
 19 127
 19 128
 19 135
 19 136
 19 137
 19 138
 19 139
 19 140
 19 141
 19 142
 19 143
 19 144
 19 147
 19 149
 20 22
 20 23
 20 26
 20 27
 20 28
 20 29
 20 30
 20 31
 20 32
 20 33
 20 36
 20 37
 20 38
 20 40
 20 42
 20 43
 20 47
 20 51
 20 52
 20 54
 20 59
 20 60
 20 63
 20 67
 20 74
 20 76
 20 78
 20 80
 20 81
 20 82
 20 84
 20 86
 20 91
 20 94
 20 95
 20 96
 20 97
 20 100
 20 101
 20 103
 20 104
 20 107
 20 108
 20 110
 20 111
 20 112
 20 114
 20 115
 20 116
 20 117
 20 121
 20 123
 20 124
 20 125
 20 128
 20 129
 20 132
 20 135
 20 136
 20 137
 20 138
 20 142
 20 143
 20 144
 20 145
 20 147
 21 22
 21 26
 21 28
 21 30
 21 33
 21 34
 21 37
 21 41
 21 42
 21 46
 21 47
 21 49
 21 51
 21 55
 21 56
 21 60
 21 64
 21 65
 21 66
 21 68
 21 70
 21 72
 21 75
 21 77
 21 78
 21 83
 21 85
 21 86
 21 89
 21 92
 21 93
 21 94
 21 98
 21 101
 21 102
 21 103
 21 104
 21 105
 21 107
 21 109
 21 110
 21 111
 21 114
 21 115
 21 117
 21 118
 21 121
 21 122
 21 123
 21 124
 21 126
 21 128
 21 129
 21 130
 21 131
 21 133
 21 134
 21 138
 21 139
 21 140
 21 143
 21 145
 22 26
 22 28
 22 29
 22 32
 22 34
 22 35
 22 36
 22 38
 22 41
 22 42
 22 50
 22 51
 22 52
 22 55
 22 56
 22 57
 22 58
 22 61
 22 64
 22 65
 22 66
 22 68
 22 71
 22 72
 22 73
 22 74
 22 75
 22 78
 22 80
 22 81
 22 87
 22 89
 22 90
 22 92
 22 93
 22 94
 22 95
 22 97
 22 98
 22 100
 22 102
 22 107
 22 110
 22 111
 22 112
 22 113
 22 118
 22 122
 22 126
 22 127
 22 129
 22 133
 22 134
 22 135
 22 136
 22 137
 22 138
 22 139
 22 141
 22 142
 22 144
 22 148
 22 149
 23 24
 23 27
 23 28
 23 29
 23 31
 23 33
 23 34
 23 37
 23 39
 23 40
 23 44
 23 48
 23 49
 23 51
 23 52
 23 54
 23 55
 23 60
 23 61
 23 62
 23 63
 23 66
 23 68
 23 69
 23 75
 23 77
 23 80
 23 82
 23 83
 23 85
 23 86
 23 87
 23 89
 23 90
 23 93
 23 97
 23 99
 23 100
 23 102
 23 109
 23 115
 23 117
 23 118
 23 119
 23 121
 23 122
 23 124
 23 125
 23 128
 23 129
 23 131
 23 132
 23 134
 23 136
 23 139
 23 141
 23 144
 24 25
 24 28
 24 30
 24 31
 24 32
 24 33
 24 36
 24 39
 24 40
 24 41
 24 45
 24 48
 24 52
 24 55
 24 58
 24 60
 24 61
 24 63
 24 66
 24 67
 24 68
 24 69
 24 70
 24 73
 24 77
 24 79
 24 81
 24 82
 24 85
 24 86
 24 87
 24 90
 24 93
 24 94
 24 95
 24 96
 24 97
 24 98
 24 100
 24 103
 24 105
 24 106
 24 108
 24 109
 24 111
 24 113
 24 114
 24 115
 24 116
 24 118
 24 119
 24 120
 24 121
 24 123
 24 125
 24 127
 24 129
 24 130
 24 131
 24 132
 24 133
 24 136
 24 138
 24 141
 24 145
 24 148
 24 149
 25 28
 25 31
 25 32
 25 34
 25 35
 25 36
 25 37
 25 39
 25 43
 25 44
 25 45
 25 48
 25 50
 25 52
 25 53
 25 59
 25 61
 25 62
 25 63
 25 65
 25 67
 25 68
 25 74
 25 79
 25 82
 25 86
 25 88
 25 89
 25 93
 25 95
 25 97
 25 108
 25 109
 25 112
 25 115
 25 118
 25 120
 25 121
 25 122
 25 123
 25 125
 25 126
 25 127
 25 129
 25 130
 25 131
 25 133
 25 135
 25 137
 25 139
 25 141
 25 142
 25 144
 25 145
 25 148
 26 27
 26 32
 26 33
 26 34
 26 35
 26 36
 26 41
 26 45
 26 47
 26 48
 26 49
 26 51
 26 52
 26 53
 26 54
 26 57
 26 58
 26 60
 26 61
 26 62
 26 64
 26 65
 26 66
 26 71
 26 79
 26 83
 26 84
 26 86
 26 88
 26 90
 26 91
 26 92
 26 93
 26 95
 26 97
 26 101
 26 103
 26 104
 26 105
 26 107
 26 108
 26 109
 26 114
 26 115
 26 117
 26 118
 26 121
 26 123
 26 125
 26 126
 26 134
 26 135
 26 136
 26 137
 26 138
 26 139
 26 140
 26 143
 26 144
 26 145
 26 147
 26 148
 27 28
 27 31
 27 33
 27 35
 27 36
 27 39
 27 40
 27 41
 27 42
 27 43
 27 45
 27 48
 27 54
 27 61
 27 64
 27 66
 27 69
 27 70
 27 72
 27 73
 27 79
 27 80
 27 82
 27 84
 27 87
 27 88
 27 89
 27 91
 27 96
 27 98
 27 101
 27 103
 27 107
 27 108
 27 109
 27 112
 27 114
 27 116
 27 117
 27 118
 27 123
 27 124
 27 126
 27 127
 27 131
 27 136
 27 139
 27 141
 27 142
 27 144
 27 145
 27 146
 27 147
 28 29
 28 30
 28 31
 28 32
 28 33
 28 34
 28 35
 28 38
 28 39
 28 41
 28 43
 28 44
 28 46
 28 47
 28 48
 28 49
 28 50
 28 51
 28 55
 28 56
 28 58
 28 60
 28 64
 28 66
 28 69
 28 70
 28 79
 28 80
 28 81
 28 83
 28 86
 28 88
 28 89
 28 91
 28 97
 28 100
 28 102
 28 105
 28 107
 28 110
 28 111
 28 116
 28 117
 28 118
 28 121
 28 123
 28 124
 28 125
 28 126
 28 128
 28 130
 28 131
 28 133
 28 135
 28 139
 28 140
 28 142
 28 146
 28 148
 28 149
 29 31
 29 32
 29 35
 29 38
 29 40
 29 41
 29 42
 29 44
 29 47
 29 48
 29 49
 29 51
 29 52
 29 53
 29 55
 29 56
 29 57
 29 59
 29 60
 29 61
 29 62
 29 63
 29 64
 29 67
 29 68
 29 71
 29 72
 29 73
 29 76
 29 78
 29 80
 29 81
 29 87
 29 88
 29 90
 29 91
 29 96
 29 97
 29 98
 29 102
 29 103
 29 104
 29 105
 29 106
 29 108
 29 110
 29 113
 29 117
 29 119
 29 120
 29 121
 29 125
 29 126
 29 127
 29 131
 29 132
 29 133
 29 134
 29 135
 29 138
 29 143
 29 144
 29 147
 29 149
 30 34
 30 36
 30 44
 30 47
 30 49
 30 52
 30 56
 30 59
 30 60
 30 61
 30 63
 30 65
 30 66
 30 67
 30 69
 30 72
 30 74
 30 75
 30 76
 30 77
 30 78
 30 80
 30 81
 30 84
 30 87
 30 88
 30 89
 30 94
 30 95
 30 96
 30 97
 30 99
 30 102
 30 105
 30 106
 30 110
 30 111
 30 112
 30 115
 30 117
 30 118
 30 119
 30 120
 30 121
 30 123
 30 124
 30 129
 30 132
 30 135
 30 138
 30 142
 30 143
 30 145
 30 146
 30 148
 30 149
 31 32
 31 33
 31 35
 31 36
 31 38
 31 39
 31 40
 31 44
 31 47
 31 51
 31 58
 31 61
 31 62
 31 66
 31 68
 31 70
 31 71
 31 74
 31 76
 31 78
 31 79
 31 80
 31 81
 31 82
 31 84
 31 85
 31 89
 31 90
 31 92
 31 95
 31 96
 31 99
 31 100
 31 101
 31 102
 31 107
 31 109
 31 110
 31 112
 31 113
 31 114
 31 116
 31 117
 31 118
 31 120
 31 122
 31 123
 31 124
 31 128
 31 129
 31 130
 31 133
 31 134
 31 137
 31 138
 31 139
 31 140
 31 144
 31 147
 31 149
 32 33
 32 35
 32 36
 32 43
 32 46
 32 48
 32 49
 32 50
 32 54
 32 55
 32 57
 32 60
 32 61
 32 64
 32 65
 32 66
 32 67
 32 69
 32 70
 32 71
 32 72
 32 73
 32 74
 32 75
 32 76
 32 79
 32 80
 32 82
 32 84
 32 85
 32 86
 32 87
 32 88
 32 89
 32 96
 32 97
 32 104
 32 106
 32 110
 32 111
 32 112
 32 113
 32 116
 32 118
 32 119
 32 120
 32 122
 32 124
 32 126
 32 128
 32 129
 32 132
 32 133
 32 135
 32 136
 32 137
 32 139
 32 140
 32 143
 32 147
 32 148
 32 149
 33 34
 33 36
 33 37
 33 41
 33 44
 33 45
 33 47
 33 48
 33 49
 33 51
 33 53
 33 54
 33 56
 33 58
 33 59
 33 61
 33 62
 33 64
 33 66
 33 67
 33 68
 33 69
 33 71
 33 73
 33 74
 33 78
 33 79
 33 81
 33 82
 33 83
 33 85
 33 89
 33 92
 33 93
 33 94
 33 97
 33 99
 33 100
 33 101
 33 102
 33 104
 33 107
 33 108
 33 109
 33 110
 33 111
 33 112
 33 114
 33 115
 33 116
 33 118
 33 122
 33 123
 33 124
 33 125
 33 127
 33 128
 33 129
 33 130
 33 131
 33 132
 33 133
 33 136
 33 137
 33 139
 33 141
 33 142
 33 145
 33 146
 34 36
 34 37
 34 38
 34 39
 34 44
 34 47
 34 49
 34 50
 34 51
 34 52
 34 53
 34 54
 34 55
 34 56
 34 61
 34 62
 34 63
 34 64
 34 65
 34 69
 34 70
 34 71
 34 73
 34 76
 34 77
 34 78
 34 82
 34 83
 34 87
 34 90
 34 95
 34 96
 34 98
 34 102
 34 103
 34 105
 34 107
 34 110
 34 114
 34 116
 34 117
 34 119
 34 121
 34 122
 34 127
 34 131
 34 134
 34 136
 34 138
 34 139
 34 141
 34 145
 34 146
 34 147
 34 148
 34 149
 35 37
 35 42
 35 44
 35 45
 35 46
 35 47
 35 52
 35 53
 35 56
 35 61
 35 63
 35 64
 35 65
 35 66
 35 67
 35 69
 35 74
 35 75
 35 76
 35 77
 35 80
 35 82
 35 84
 35 86
 35 87
 35 88
 35 89
 35 91
 35 92
 35 95
 35 96
 35 97
 35 98
 35 101
 35 102
 35 104
 35 107
 35 109
 35 110
 35 113
 35 118
 35 120
 35 121
 35 122
 35 123
 35 124
 35 125
 35 126
 35 128
 35 131
 35 134
 35 135
 35 136
 35 137
 35 138
 35 139
 35 140
 35 142
 35 144
 35 148
 35 149
 36 38
 36 39
 36 40
 36 42
 36 44
 36 45
 36 46
 36 51
 36 52
 36 54
 36 58
 36 60
 36 62
 36 63
 36 66
 36 70
 36 71
 36 72
 36 74
 36 76
 36 77
 36 79
 36 80
 36 82
 36 89
 36 91
 36 94
 36 95
 36 96
 36 97
 36 101
 36 103
 36 107
 36 110
 36 112
 36 116
 36 117
 36 118
 36 121
 36 122
 36 123
 36 126
 36 128
 36 132
 36 136
 36 138
 36 140
 36 141
 36 142
 36 143
 36 144
 36 147
 36 149
 37 42
 37 43
 37 44
 37 45
 37 46
 37 47
 37 48
 37 52
 37 56
 37 62
 37 63
 37 64
 37 65
 37 67
 37 70
 37 71
 37 72
 37 74
 37 75
 37 76
 37 80
 37 81
 37 82
 37 83
 37 84
 37 87
 37 91
 37 92
 37 96
 37 97
 37 102
 37 104
 37 105
 37 107
 37 108
 37 109
 37 112
 37 113
 37 115
 37 118
 37 119
 37 120
 37 121
 37 122
 37 126
 37 129
 37 131
 37 133
 37 134
 37 135
 37 138
 37 139
 37 140
 37 144
 37 145
 37 149
 38 39
 38 42
 38 43
 38 44
 38 46
 38 48
 38 49
 38 50
 38 51
 38 52
 38 54
 38 55
 38 56
 38 59
 38 60
 38 62
 38 63
 38 64
 38 65
 38 67
 38 68
 38 69
 38 70
 38 72
 38 75
 38 76
 38 83
 38 84
 38 87
 38 92
 38 93
 38 94
 38 97
 38 99
 38 100
 38 101
 38 102
 38 103
 38 105
 38 106
 38 108
 38 109
 38 110
 38 111
 38 114
 38 115
 38 117
 38 118
 38 120
 38 125
 38 131
 38 135
 38 137
 38 138
 38 140
 38 142
 38 143
 38 146
 38 148
 39 40
 39 43
 39 44
 39 45
 39 47
 39 48
 39 52
 39 53
 39 55
 39 58
 39 60
 39 64
 39 66
 39 67
 39 68
 39 70
 39 71
 39 73
 39 74
 39 75
 39 76
 39 79
 39 80
 39 82
 39 84
 39 85
 39 86
 39 87
 39 89
 39 90
 39 91
 39 94
 39 95
 39 96
 39 99
 39 101
 39 104
 39 107
 39 109
 39 110
 39 111
 39 112
 39 114
 39 116
 39 117
 39 118
 39 119
 39 120
 39 123
 39 127
 39 128
 39 131
 39 132
 39 133
 39 135
 39 137
 39 138
 39 139
 39 140
 39 142
 39 144
 39 145
 39 147
 40 42
 40 43
 40 46
 40 49
 40 50
 40 52
 40 54
 40 55
 40 56
 40 58
 40 62
 40 65
 40 66
 40 67
 40 70
 40 75
 40 77
 40 81
 40 83
 40 85
 40 86
 40 89
 40 90
 40 91
 40 93
 40 96
 40 97
 40 101
 40 105
 40 106
 40 110
 40 113
 40 114
 40 117
 40 118
 40 119
 40 121
 40 126
 40 127
 40 129
 40 131
 40 133
 40 134
 40 138
 40 139
 40 141
 40 144
 40 145
 40 147
 40 148
 40 149
 41 45
 41 48
 41 49
 41 50
 41 51
 41 54
 41 55
 41 59
 41 62
 41 63
 41 65
 41 67
 41 68
 41 69
 41 70
 41 73
 41 74
 41 75
 41 77
 41 79
 41 80
 41 81
 41 84
 41 85
 41 87
 41 88
 41 89
 41 91
 41 93
 41 94
 41 95
 41 98
 41 99
 41 101
 41 105
 41 107
 41 108
 41 113
 41 114
 41 115
 41 116
 41 120
 41 124
 41 129
 41 132
 41 135
 41 139
 41 141
 41 143
 41 148
 42 44
 42 45
 42 47
 42 50
 42 54
 42 55
 42 56
 42 58
 42 60
 42 63
 42 64
 42 66
 42 68
 42 69
 42 73
 42 75
 42 77
 42 78
 42 80
 42 82
 42 85
 42 88
 42 92
 42 95
 42 96
 42 97
 42 98
 42 99
 42 103
 42 105
 42 107
 42 108
 42 111
 42 113
 42 114
 42 116
 42 118
 42 119
 42 122
 42 123
 42 133
 42 135
 42 137
 42 140
 42 142
 42 144
 42 145
 42 147
 43 44
 43 45
 43 46
 43 47
 43 49
 43 50
 43 52
 43 57
 43 59
 43 60
 43 62
 43 65
 43 66
 43 68
 43 69
 43 71
 43 72
 43 75
 43 76
 43 77
 43 78
 43 79
 43 81
 43 84
 43 87
 43 88
 43 90
 43 91
 43 94
 43 95
 43 96
 43 98
 43 101
 43 102
 43 103
 43 107
 43 108
 43 109
 43 110
 43 111
 43 113
 43 114
 43 116
 43 117
 43 118
 43 119
 43 120
 43 121
 43 122
 43 123
 43 124
 43 126
 43 128
 43 130
 43 131
 43 132
 43 133
 43 134
 43 137
 43 138
 43 139
 43 140
 43 141
 43 143
 43 145
 43 146
 44 45
 44 47
 44 51
 44 56
 44 57
 44 58
 44 60
 44 61
 44 64
 44 65
 44 70
 44 73
 44 77
 44 78
 44 81
 44 82
 44 84
 44 85
 44 86
 44 87
 44 88
 44 90
 44 92
 44 93
 44 94
 44 96
 44 99
 44 100
 44 102
 44 103
 44 107
 44 109
 44 111
 44 112
 44 113
 44 115
 44 121
 44 126
 44 127
 44 132
 44 135
 44 136
 44 143
 44 144
 44 145
 44 147
 44 148
 45 48
 45 50
 45 52
 45 53
 45 56
 45 58
 45 60
 45 62
 45 63
 45 66
 45 67
 45 70
 45 71
 45 75
 45 76
 45 79
 45 80
 45 83
 45 85
 45 87
 45 90
 45 92
 45 94
 45 95
 45 98
 45 99
 45 102
 45 104
 45 105
 45 110
 45 111
 45 112
 45 113
 45 115
 45 117
 45 118
 45 119
 45 122
 45 123
 45 126
 45 128
 45 130
 45 131
 45 134
 45 135
 45 137
 45 138
 45 139
 45 143
 45 145
 45 147
 45 149
 46 47
 46 48
 46 51
 46 52
 46 53
 46 54
 46 58
 46 59
 46 60
 46 62
 46 63
 46 66
 46 69
 46 70
 46 77
 46 78
 46 80
 46 82
 46 83
 46 84
 46 86
 46 89
 46 91
 46 92
 46 93
 46 94
 46 95
 46 98
 46 100
 46 103
 46 104
 46 106
 46 108
 46 115
 46 116
 46 117
 46 118
 46 119
 46 120
 46 121
 46 122
 46 123
 46 124
 46 125
 46 126
 46 127
 46 128
 46 129
 46 130
 46 131
 46 134
 46 135
 46 142
 46 145
 46 146
 46 147
 46 148
 46 149
 47 48
 47 50
 47 51
 47 53
 47 55
 47 56
 47 57
 47 58
 47 62
 47 64
 47 65
 47 69
 47 71
 47 75
 47 79
 47 80
 47 82
 47 83
 47 88
 47 89
 47 94
 47 95
 47 99
 47 101
 47 105
 47 107
 47 108
 47 109
 47 112
 47 115
 47 116
 47 121
 47 122
 47 123
 47 126
 47 127
 47 130
 47 131
 47 135
 47 138
 47 139
 47 140
 47 143
 47 146
 47 147
 47 148
 48 50
 48 54
 48 55
 48 58
 48 59
 48 61
 48 62
 48 63
 48 64
 48 65
 48 66
 48 68
 48 69
 48 70
 48 74
 48 79
 48 82
 48 84
 48 85
 48 88
 48 90
 48 91
 48 96
 48 100
 48 107
 48 108
 48 111
 48 112
 48 113
 48 116
 48 124
 48 125
 48 129
 48 130
 48 135
 48 137
 48 139
 48 140
 48 142
 48 143
 48 144
 48 148
 49 50
 49 52
 49 53
 49 54
 49 56
 49 57
 49 62
 49 63
 49 64
 49 66
 49 69
 49 70
 49 72
 49 73
 49 74
 49 78
 49 81
 49 83
 49 84
 49 85
 49 90
 49 91
 49 93
 49 95
 49 97
 49 99
 49 100
 49 104
 49 105
 49 108
 49 110
 49 111
 49 112
 49 119
 49 120
 49 121
 49 126
 49 128
 49 129
 49 130
 49 131
 49 132
 49 134
 49 135
 49 139
 49 142
 49 143
 49 144
 49 145
 49 147
 50 51
 50 52
 50 54
 50 57
 50 58
 50 61
 50 62
 50 65
 50 68
 50 69
 50 71
 50 72
 50 75
 50 77
 50 78
 50 79
 50 83
 50 84
 50 85
 50 86
 50 87
 50 89
 50 92
 50 95
 50 97
 50 100
 50 103
 50 107
 50 108
 50 110
 50 111
 50 114
 50 115
 50 116
 50 117
 50 119
 50 120
 50 121
 50 123
 50 124
 50 125
 50 130
 50 132
 50 135
 50 136
 50 141
 50 144
 50 145
 50 149
 51 53
 51 55
 51 57
 51 58
 51 63
 51 64
 51 67
 51 69
 51 71
 51 75
 51 80
 51 82
 51 83
 51 84
 51 86
 51 87
 51 91
 51 92
 51 103
 51 104
 51 106
 51 109
 51 110
 51 111
 51 112
 51 113
 51 114
 51 116
 51 117
 51 121
 51 122
 51 123
 51 126
 51 129
 51 131
 51 135
 51 137
 51 139
 51 141
 51 142
 51 143
 51 146
 51 147
 51 148
 51 149
 52 55
 52 60
 52 61
 52 62
 52 63
 52 64
 52 65
 52 67
 52 71
 52 72
 52 74
 52 75
 52 77
 52 80
 52 81
 52 86
 52 88
 52 89
 52 90
 52 91
 52 94
 52 95
 52 99
 52 100
 52 104
 52 105
 52 107
 52 108
 52 114
 52 117
 52 118
 52 119
 52 121
 52 125
 52 126
 52 129
 52 131
 52 134
 52 135
 52 136
 52 139
 52 140
 52 142
 52 144
 52 145
 52 147
 52 148
 52 149
 53 55
 53 56
 53 58
 53 61
 53 62
 53 66
 53 69
 53 70
 53 72
 53 73
 53 75
 53 76
 53 80
 53 81
 53 86
 53 89
 53 90
 53 91
 53 92
 53 93
 53 97
 53 98
 53 100
 53 101
 53 103
 53 105
 53 106
 53 109
 53 111
 53 113
 53 114
 53 115
 53 118
 53 119
 53 120
 53 126
 53 129
 53 130
 53 131
 53 137
 53 138
 53 140
 53 141
 53 144
 53 146
 53 149
 54 55
 54 57
 54 59
 54 62
 54 63
 54 64
 54 66
 54 70
 54 73
 54 74
 54 75
 54 80
 54 81
 54 83
 54 84
 54 85
 54 86
 54 88
 54 89
 54 92
 54 99
 54 100
 54 101
 54 105
 54 109
 54 114
 54 115
 54 116
 54 117
 54 120
 54 121
 54 122
 54 124
 54 126
 54 127
 54 131
 54 132
 54 135
 54 139
 54 141
 54 144
 54 145
 54 146
 54 149
 55 61
 55 62
 55 66
 55 68
 55 69
 55 70
 55 71
 55 74
 55 77
 55 78
 55 79
 55 80
 55 81
 55 85
 55 88
 55 89
 55 90
 55 94
 55 95
 55 97
 55 100
 55 101
 55 104
 55 107
 55 109
 55 110
 55 112
 55 113
 55 114
 55 115
 55 116
 55 117
 55 118
 55 119
 55 123
 55 125
 55 127
 55 131
 55 139
 55 141
 55 148
 56 60
 56 61
 56 64
 56 66
 56 67
 56 68
 56 69
 56 71
 56 72
 56 73
 56 74
 56 75
 56 77
 56 79
 56 82
 56 83
 56 84
 56 85
 56 86
 56 90
 56 91
 56 94
 56 95
 56 96
 56 99
 56 101
 56 102
 56 105
 56 106
 56 107
 56 108
 56 109
 56 111
 56 113
 56 114
 56 115
 56 117
 56 119
 56 122
 56 126
 56 127
 56 128
 56 129
 56 133
 56 141
 56 142
 56 143
 56 146
 56 148
 57 59
 57 60
 57 63
 57 64
 57 74
 57 76
 57 80
 57 81
 57 83
 57 85
 57 87
 57 91
 57 94
 57 96
 57 97
 57 99
 57 100
 57 102
 57 106
 57 107
 57 110
 57 111
 57 114
 57 115
 57 116
 57 117
 57 118
 57 120
 57 121
 57 125
 57 126
 57 127
 57 130
 57 133
 57 135
 57 136
 57 137
 57 138
 57 139
 57 140
 57 141
 57 142
 57 145
 57 146
 58 63
 58 65
 58 66
 58 67
 58 68
 58 70
 58 73
 58 75
 58 76
 58 77
 58 78
 58 81
 58 82
 58 84
 58 87
 58 88
 58 94
 58 95
 58 96
 58 98
 58 100
 58 101
 58 102
 58 105
 58 108
 58 113
 58 114
 58 115
 58 120
 58 123
 58 124
 58 127
 58 128
 58 129
 58 131
 58 132
 58 133
 58 135
 58 141
 58 145
 58 146
 58 148
 59 60
 59 61
 59 63
 59 65
 59 66
 59 68
 59 70
 59 71
 59 72
 59 74
 59 75
 59 79
 59 84
 59 85
 59 86
 59 88
 59 90
 59 94
 59 95
 59 97
 59 98
 59 102
 59 104
 59 105
 59 106
 59 108
 59 110
 59 113
 59 114
 59 115
 59 118
 59 119
 59 121
 59 130
 59 136
 59 137
 59 138
 59 140
 59 142
 59 144
 59 146
 59 149
 60 62
 60 67
 60 70
 60 71
 60 73
 60 74
 60 75
 60 78
 60 83
 60 84
 60 87
 60 88
 60 90
 60 91
 60 92
 60 93
 60 95
 60 97
 60 98
 60 101
 60 103
 60 104
 60 105
 60 106
 60 107
 60 110
 60 111
 60 113
 60 114
 60 116
 60 119
 60 122
 60 123
 60 128
 60 130
 60 132
 60 134
 60 138
 60 139
 60 140
 60 146
 60 147
 60 148
 61 63
 61 64
 61 65
 61 66
 61 69
 61 71
 61 72
 61 75
 61 76
 61 77
 61 81
 61 83
 61 85
 61 87
 61 88
 61 89
 61 91
 61 93
 61 94
 61 99
 61 100
 61 101
 61 102
 61 104
 61 105
 61 106
 61 107
 61 111
 61 113
 61 116
 61 117
 61 119
 61 122
 61 126
 61 128
 61 131
 61 134
 61 135
 61 137
 61 138
 61 139
 61 140
 61 142
 61 143
 61 144
 61 145
 61 146
 61 147
 61 149
 62 67
 62 68
 62 70
 62 71
 62 74
 62 75
 62 76
 62 79
 62 80
 62 81
 62 85
 62 87
 62 88
 62 89
 62 90
 62 91
 62 95
 62 96
 62 99
 62 104
 62 105
 62 106
 62 107
 62 108
 62 109
 62 110
 62 113
 62 115
 62 117
 62 118
 62 119
 62 120
 62 121
 62 122
 62 123
 62 124
 62 127
 62 129
 62 130
 62 134
 62 135
 62 137
 62 139
 62 141
 62 143
 62 144
 62 146
 62 149
 63 65
 63 68
 63 70
 63 73
 63 74
 63 76
 63 77
 63 79
 63 82
 63 90
 63 92
 63 93
 63 94
 63 96
 63 99
 63 100
 63 103
 63 104
 63 105
 63 107
 63 108
 63 110
 63 111
 63 119
 63 120
 63 125
 63 126
 63 127
 63 128
 63 129
 63 131
 63 132
 63 133
 63 134
 63 139
 63 142
 63 143
 63 145
 63 146
 63 148
 63 149
 64 66
 64 68
 64 70
 64 71
 64 73
 64 78
 64 79
 64 80
 64 81
 64 82
 64 84
 64 85
 64 86
 64 87
 64 91
 64 92
 64 94
 64 95
 64 96
 64 99
 64 100
 64 101
 64 103
 64 104
 64 105
 64 107
 64 110
 64 111
 64 114
 64 116
 64 118
 64 119
 64 121
 64 125
 64 126
 64 127
 64 133
 64 134
 64 135
 64 136
 64 139
 64 141
 64 147
 64 148
 65 67
 65 70
 65 75
 65 76
 65 77
 65 78
 65 80
 65 81
 65 82
 65 83
 65 90
 65 93
 65 95
 65 96
 65 98
 65 100
 65 101
 65 102
 65 103
 65 105
 65 106
 65 109
 65 111
 65 112
 65 114
 65 116
 65 117
 65 120
 65 121
 65 122
 65 123
 65 124
 65 126
 65 129
 65 131
 65 133
 65 135
 65 137
 65 140
 65 142
 65 144
 65 148
 66 69
 66 75
 66 76
 66 77
 66 79
 66 82
 66 86
 66 87
 66 88
 66 89
 66 90
 66 92
 66 93
 66 103
 66 106
 66 107
 66 108
 66 109
 66 110
 66 118
 66 122
 66 125
 66 126
 66 127
 66 128
 66 130
 66 133
 66 134
 66 135
 66 136
 66 137
 66 141
 66 142
 66 143
 66 146
 66 147
 66 148
 67 71
 67 75
 67 76
 67 77
 67 78
 67 81
 67 83
 67 87
 67 88
 67 90
 67 92
 67 93
 67 94
 67 97
 67 98
 67 101
 67 103
 67 104
 67 107
 67 108
 67 109
 67 110
 67 112
 67 113
 67 114
 67 117
 67 118
 67 119
 67 120
 67 121
 67 125
 67 132
 67 134
 67 135
 67 136
 67 137
 67 138
 67 139
 67 141
 67 145
 67 147
 67 148
 67 149
 68 71
 68 72
 68 75
 68 77
 68 79
 68 81
 68 83
 68 87
 68 88
 68 96
 68 98
 68 99
 68 100
 68 102
 68 107
 68 108
 68 109
 68 112
 68 114
 68 118
 68 119
 68 122
 68 125
 68 128
 68 129
 68 130
 68 133
 68 134
 68 138
 68 139
 68 141
 68 142
 68 144
 68 145
 69 71
 69 74
 69 76
 69 78
 69 79
 69 80
 69 81
 69 84
 69 86
 69 87
 69 93
 69 97
 69 102
 69 105
 69 108
 69 109
 69 110
 69 111
 69 113
 69 114
 69 115
 69 116
 69 117
 69 118
 69 121
 69 124
 69 125
 69 126
 69 129
 69 130
 69 132
 69 136
 69 139
 69 140
 69 143
 69 144
 69 146
 70 72
 70 75
 70 76
 70 78
 70 80
 70 85
 70 87
 70 92
 70 93
 70 94
 70 95
 70 98
 70 99
 70 100
 70 103
 70 105
 70 110
 70 111
 70 112
 70 113
 70 115
 70 116
 70 120
 70 122
 70 123
 70 125
 70 129
 70 132
 70 134
 70 135
 70 137
 70 140
 70 141
 70 143
 70 144
 70 145
 70 146
 70 147
 71 74
 71 75
 71 77
 71 78
 71 79
 71 80
 71 82
 71 84
 71 89
 71 91
 71 92
 71 93
 71 97
 71 99
 71 105
 71 107
 71 110
 71 111
 71 118
 71 119
 71 120
 71 123
 71 125
 71 126
 71 127
 71 128
 71 130
 71 131
 71 138
 71 139
 71 140
 71 141
 71 144
 71 145
 71 146
 71 147
 71 148
 71 149
 72 75
 72 76
 72 80
 72 83
 72 84
 72 86
 72 89
 72 95
 72 97
 72 106
 72 108
 72 112
 72 113
 72 118
 72 121
 72 124
 72 126
 72 129
 72 131
 72 133
 72 134
 72 141
 72 143
 72 144
 72 146
 72 148
 72 149
 73 75
 73 77
 73 81
 73 82
 73 85
 73 87
 73 92
 73 95
 73 96
 73 99
 73 104
 73 105
 73 106
 73 109
 73 111
 73 113
 73 115
 73 118
 73 122
 73 123
 73 124
 73 125
 73 126
 73 127
 73 128
 73 132
 73 134
 73 135
 73 136
 73 137
 73 138
 73 140
 73 141
 73 142
 73 143
 73 145
 73 146
 73 149
 74 77
 74 81
 74 83
 74 85
 74 86
 74 88
 74 91
 74 93
 74 96
 74 97
 74 99
 74 100
 74 102
 74 103
 74 105
 74 106
 74 107
 74 109
 74 110
 74 111
 74 112
 74 113
 74 114
 74 116
 74 118
 74 119
 74 120
 74 121
 74 122
 74 123
 74 125
 74 127
 74 128
 74 131
 74 132
 74 134
 74 135
 74 136
 74 137
 74 139
 74 140
 74 141
 74 142
 74 143
 74 145
 74 146
 74 148
 74 149
 75 76
 75 77
 75 78
 75 79
 75 82
 75 85
 75 88
 75 89
 75 93
 75 94
 75 95
 75 100
 75 102
 75 104
 75 105
 75 106
 75 107
 75 108
 75 110
 75 116
 75 117
 75 120
 75 123
 75 125
 75 127
 75 128
 75 129
 75 131
 75 132
 75 133
 75 134
 75 135
 75 138
 75 139
 75 140
 75 144
 75 147
 75 148
 75 149
 76 78
 76 81
 76 82
 76 85
 76 90
 76 92
 76 97
 76 98
 76 101
 76 102
 76 103
 76 105
 76 106
 76 110
 76 111
 76 116
 76 121
 76 122
 76 128
 76 134
 76 135
 76 136
 76 137
 76 139
 76 140
 76 144
 76 145
 76 146
 76 147
 77 78
 77 80
 77 83
 77 84
 77 85
 77 86
 77 87
 77 88
 77 89
 77 90
 77 91
 77 92
 77 94
 77 96
 77 98
 77 99
 77 101
 77 103
 77 104
 77 105
 77 106
 77 107
 77 109
 77 110
 77 111
 77 116
 77 117
 77 124
 77 125
 77 126
 77 128
 77 129
 77 132
 77 136
 77 144
 77 146
 77 147
 77 148
 78 81
 78 82
 78 83
 78 84
 78 86
 78 90
 78 93
 78 94
 78 98
 78 99
 78 100
 78 102
 78 103
 78 106
 78 107
 78 109
 78 114
 78 118
 78 120
 78 121
 78 122
 78 133
 78 134
 78 135
 78 136
 78 139
 78 144
 78 145
 78 146
 78 147
 79 81
 79 82
 79 84
 79 86
 79 88
 79 91
 79 94
 79 100
 79 102
 79 104
 79 106
 79 107
 79 111
 79 113
 79 114
 79 115
 79 116
 79 117
 79 118
 79 119
 79 120
 79 122
 79 123
 79 124
 79 126
 79 128
 79 130
 79 131
 79 135
 79 136
 79 137
 79 139
 79 141
 79 142
 79 143
 79 147
 79 148
 79 149
 80 83
 80 84
 80 89
 80 92
 80 99
 80 102
 80 103
 80 104
 80 108
 80 109
 80 111
 80 112
 80 114
 80 116
 80 117
 80 118
 80 120
 80 123
 80 125
 80 126
 80 127
 80 128
 80 129
 80 130
 80 131
 80 137
 80 142
 80 143
 80 144
 80 145
 80 149
 81 85
 81 87
 81 88
 81 91
 81 94
 81 95
 81 96
 81 97
 81 98
 81 100
 81 102
 81 103
 81 105
 81 107
 81 112
 81 116
 81 118
 81 122
 81 124
 81 126
 81 128
 81 130
 81 134
 81 135
 81 137
 81 141
 81 142
 81 144
 81 146
 81 147
 81 148
 81 149
 82 84
 82 87
 82 89
 82 93
 82 94
 82 96
 82 97
 82 99
 82 102
 82 106
 82 107
 82 108
 82 110
 82 111
 82 112
 82 113
 82 114
 82 117
 82 118
 82 122
 82 123
 82 125
 82 127
 82 129
 82 131
 82 135
 82 136
 82 138
 82 139
 82 140
 82 141
 82 142
 82 147
 83 86
 83 90
 83 92
 83 95
 83 96
 83 97
 83 98
 83 101
 83 102
 83 103
 83 104
 83 110
 83 111
 83 112
 83 114
 83 117
 83 118
 83 121
 83 125
 83 127
 83 128
 83 129
 83 132
 83 133
 83 135
 83 138
 83 139
 83 140
 83 141
 83 143
 83 146
 83 148
 83 149
 84 86
 84 88
 84 91
 84 92
 84 94
 84 95
 84 100
 84 102
 84 106
 84 108
 84 109
 84 110
 84 111
 84 112
 84 113
 84 115
 84 116
 84 117
 84 119
 84 121
 84 122
 84 123
 84 126
 84 127
 84 130
 84 133
 84 134
 84 138
 84 139
 84 140
 84 141
 84 143
 84 145
 84 149
 85 90
 85 91
 85 92
 85 93
 85 96
 85 97
 85 99
 85 102
 85 103
 85 104
 85 105
 85 106
 85 107
 85 109
 85 110
 85 111
 85 113
 85 114
 85 117
 85 118
 85 119
 85 120
 85 122
 85 124
 85 125
 85 127
 85 128
 85 129
 85 130
 85 131
 85 132
 85 133
 85 135
 85 137
 85 138
 85 139
 85 141
 85 143
 85 144
 85 146
 85 147
 85 149
 86 90
 86 92
 86 93
 86 94
 86 95
 86 96
 86 98
 86 99
 86 101
 86 102
 86 103
 86 106
 86 108
 86 109
 86 111
 86 113
 86 116
 86 117
 86 119
 86 123
 86 126
 86 129
 86 133
 86 138
 86 139
 86 140
 86 145
 86 146
 86 148
 86 149
 87 91
 87 92
 87 93
 87 95
 87 96
 87 97
 87 98
 87 100
 87 101
 87 104
 87 109
 87 110
 87 111
 87 114
 87 116
 87 117
 87 118
 87 121
 87 124
 87 125
 87 127
 87 131
 87 132
 87 137
 87 139
 87 144
 87 146
 87 147
 87 148
 88 89
 88 90
 88 91
 88 97
 88 99
 88 101
 88 103
 88 105
 88 106
 88 109
 88 111
 88 112
 88 120
 88 122
 88 127
 88 128
 88 129
 88 130
 88 131
 88 132
 88 134
 88 137
 88 138
 88 139
 88 142
 88 144
 88 145
 88 147
 88 149
 89 90
 89 92
 89 95
 89 96
 89 97
 89 98
 89 99
 89 100
 89 101
 89 102
 89 104
 89 105
 89 108
 89 110
 89 111
 89 114
 89 115
 89 117
 89 118
 89 120
 89 121
 89 123
 89 124
 89 126
 89 129
 89 131
 89 133
 89 134
 89 136
 89 137
 89 138
 89 139
 89 140
 89 145
 89 147
 89 148
 89 149
 90 93
 90 95
 90 98
 90 99
 90 100
 90 102
 90 103
 90 105
 90 106
 90 107
 90 109
 90 112
 90 114
 90 115
 90 116
 90 118
 90 119
 90 121
 90 123
 90 126
 90 131
 90 136
 90 139
 90 140
 90 142
 90 144
 90 145
 90 149
 91 93
 91 94
 91 96
 91 97
 91 101
 91 102
 91 103
 91 105
 91 109
 91 110
 91 114
 91 116
 91 118
 91 120
 91 122
 91 123
 91 124
 91 125
 91 126
 91 127
 91 130
 91 134
 91 137
 91 139
 91 143
 91 144
 91 146
 91 147
 92 94
 92 96
 92 97
 92 102
 92 103
 92 104
 92 105
 92 106
 92 108
 92 109
 92 110
 92 111
 92 112
 92 114
 92 115
 92 116
 92 117
 92 124
 92 126
 92 129
 92 131
 92 132
 92 133
 92 134
 92 136
 92 137
 92 145
 92 146
 92 148
 92 149
 93 94
 93 95
 93 96
 93 99
 93 101
 93 104
 93 105
 93 106
 93 110
 93 111
 93 112
 93 113
 93 117
 93 119
 93 120
 93 121
 93 122
 93 123
 93 124
 93 126
 93 127
 93 131
 93 133
 93 135
 93 137
 93 140
 93 143
 93 144
 93 146
 93 148
 94 95
 94 96
 94 97
 94 99
 94 101
 94 102
 94 105
 94 107
 94 109
 94 110
 94 112
 94 113
 94 117
 94 118
 94 119
 94 120
 94 121
 94 122
 94 123
 94 125
 94 126
 94 127
 94 128
 94 129
 94 131
 94 134
 94 137
 94 140
 94 141
 94 142
 94 144
 95 96
 95 98
 95 99
 95 101
 95 102
 95 103
 95 107
 95 109
 95 110
 95 112
 95 114
 95 115
 95 117
 95 118
 95 120
 95 122
 95 127
 95 128
 95 129
 95 130
 95 132
 95 133
 95 136
 95 142
 95 144
 95 145
 95 146
 95 147
 95 149
 96 97
 96 99
 96 102
 96 105
 96 107
 96 108
 96 111
 96 113
 96 117
 96 119
 96 121
 96 123
 96 124
 96 127
 96 128
 96 129
 96 132
 96 133
 96 134
 96 137
 96 139
 96 142
 96 149
 97 98
 97 100
 97 102
 97 103
 97 105
 97 106
 97 107
 97 108
 97 110
 97 111
 97 112
 97 115
 97 118
 97 122
 97 123
 97 124
 97 125
 97 127
 97 128
 97 130
 97 132
 97 133
 97 134
 97 136
 97 137
 97 139
 97 141
 97 142
 97 146
 97 148
 97 149
 98 99
 98 101
 98 105
 98 106
 98 111
 98 113
 98 115
 98 116
 98 117
 98 119
 98 120
 98 121
 98 124
 98 125
 98 127
 98 128
 98 129
 98 135
 98 137
 98 139
 98 140
 98 141
 98 144
 98 145
 99 100
 99 101
 99 108
 99 109
 99 110
 99 111
 99 112
 99 113
 99 114
 99 117
 99 120
 99 121
 99 122
 99 125
 99 126
 99 128
 99 129
 99 130
 99 131
 99 135
 99 137
 99 139
 99 144
 99 147
 100 104
 100 106
 100 108
 100 109
 100 110
 100 111
 100 113
 100 114
 100 116
 100 119
 100 121
 100 127
 100 132
 100 134
 100 135
 100 137
 100 141
 100 144
 100 145
 100 146
 100 147
 101 104
 101 108
 101 110
 101 113
 101 115
 101 116
 101 119
 101 120
 101 124
 101 125
 101 131
 101 133
 101 134
 101 135
 101 136
 101 142
 101 145
 102 103
 102 108
 102 109
 102 110
 102 112
 102 116
 102 119
 102 120
 102 121
 102 122
 102 123
 102 126
 102 127
 102 128
 102 129
 102 131
 102 132
 102 133
 102 135
 102 136
 102 139
 102 140
 102 143
 102 149
 103 105
 103 107
 103 108
 103 110
 103 111
 103 114
 103 115
 103 116
 103 117
 103 118
 103 119
 103 120
 103 121
 103 122
 103 123
 103 125
 103 126
 103 128
 103 133
 103 134
 103 136
 103 137
 103 139
 103 140
 103 144
 103 145
 103 147
 103 148
 103 149
 104 107
 104 110
 104 111
 104 112
 104 115
 104 116
 104 118
 104 119
 104 121
 104 122
 104 128
 104 129
 104 131
 104 132
 104 134
 104 135
 104 137
 104 139
 104 144
 104 145
 104 148
 105 107
 105 109
 105 110
 105 111
 105 113
 105 117
 105 120
 105 122
 105 124
 105 126
 105 128
 105 131
 105 133
 105 134
 105 137
 105 139
 105 140
 105 141
 105 142
 105 143
 105 147
 106 109
 106 111
 106 115
 106 116
 106 118
 106 120
 106 122
 106 123
 106 128
 106 129
 106 132
 106 136
 106 137
 106 140
 106 146
 106 148
 107 108
 107 109
 107 110
 107 112
 107 113
 107 115
 107 116
 107 120
 107 121
 107 122
 107 123
 107 125
 107 129
 107 130
 107 134
 107 135
 107 138
 107 139
 107 140
 107 142
 107 144
 107 148
 107 149
 108 109
 108 110
 108 114
 108 115
 108 117
 108 118
 108 121
 108 122
 108 124
 108 126
 108 129
 108 132
 108 133
 108 134
 108 137
 108 138
 108 139
 108 141
 108 147
 108 148
 109 111
 109 113
 109 114
 109 120
 109 126
 109 129
 109 131
 109 132
 109 133
 109 134
 109 135
 109 143
 109 147
 109 148
 109 149
 110 111
 110 115
 110 116
 110 118
 110 119
 110 125
 110 126
 110 127
 110 128
 110 129
 110 131
 110 132
 110 134
 110 135
 110 136
 110 138
 110 141
 110 142
 110 145
 110 146
 110 147
 110 148
 110 149
 111 112
 111 115
 111 117
 111 120
 111 122
 111 125
 111 126
 111 133
 111 134
 111 138
 111 139
 111 141
 111 142
 111 143
 111 144
 111 145
 111 147
 111 149
 112 120
 112 121
 112 122
 112 127
 112 128
 112 129
 112 132
 112 135
 112 139
 112 143
 112 144
 112 145
 112 146
 112 147
 112 148
 112 149
 113 115
 113 116
 113 118
 113 120
 113 123
 113 124
 113 125
 113 126
 113 129
 113 130
 113 132
 113 134
 113 138
 113 142
 113 143
 113 145
 114 115
 114 117
 114 118
 114 119
 114 120
 114 121
 114 122
 114 124
 114 125
 114 126
 114 127
 114 129
 114 130
 114 131
 114 134
 114 137
 114 140
 114 143
 114 144
 114 145
 114 146
 114 147
 114 148
 114 149
 115 116
 115 117
 115 119
 115 121
 115 124
 115 125
 115 127
 115 129
 115 131
 115 132
 115 135
 115 136
 115 137
 115 138
 115 139
 115 140
 115 142
 115 149
 116 119
 116 121
 116 123
 116 124
 116 128
 116 129
 116 131
 116 135
 116 136
 116 137
 116 138
 116 142
 116 143
 116 145
 116 148
 117 120
 117 121
 117 122
 117 123
 117 125
 117 126
 117 127
 117 129
 117 131
 117 132
 117 135
 117 136
 117 137
 117 139
 117 140
 117 141
 117 145
 117 149
 118 119
 118 120
 118 121
 118 124
 118 125
 118 130
 118 131
 118 135
 118 136
 118 138
 118 140
 118 142
 118 143
 118 145
 118 149
 119 122
 119 123
 119 124
 119 125
 119 126
 119 128
 119 130
 119 131
 119 133
 119 135
 119 139
 119 144
 119 146
 119 148
 120 122
 120 123
 120 125
 120 132
 120 133
 120 135
 120 138
 120 140
 120 141
 120 142
 120 145
 120 147
 121 127
 121 129
 121 131
 121 132
 121 135
 121 137
 121 138
 121 139
 121 140
 121 146
 121 148
 121 149
 122 123
 122 124
 122 126
 122 128
 122 131
 122 135
 122 136
 122 137
 122 141
 122 142
 122 144
 122 145
 122 146
 122 149
 123 124
 123 125
 123 126
 123 128
 123 129
 123 130
 123 131
 123 134
 123 137
 123 139
 123 145
 123 146
 123 147
 123 148
 123 149
 124 125
 124 126
 124 127
 124 129
 124 131
 124 133
 124 134
 124 137
 124 138
 124 139
 124 143
 124 144
 124 146
 124 147
 124 148
 125 126
 125 128
 125 131
 125 135
 125 136
 125 137
 125 138
 125 140
 125 141
 125 142
 125 144
 125 145
 125 147
 125 149
 126 127
 126 128
 126 129
 126 132
 126 136
 126 139
 126 140
 126 141
 126 142
 126 144
 126 145
 127 130
 127 131
 127 134
 127 139
 127 140
 127 142
 127 143
 127 145
 127 147
 127 148
 127 149
 128 132
 128 134
 128 135
 128 142
 128 144
 128 148
 128 149
 129 133
 129 134
 129 135
 129 137
 129 139
 129 141
 129 146
 129 147
 129 149
 130 131
 130 133
 130 134
 130 138
 130 139
 130 140
 130 144
 130 145
 130 147
 130 148
 130 149
 131 133
 131 134
 131 135
 131 137
 131 141
 131 142
 131 143
 131 145
 131 146
 131 147
 131 148
 132 133
 132 137
 132 138
 132 139
 132 140
 132 143
 132 144
 132 145
 132 146
 132 148
 132 149
 133 134
 133 135
 133 138
 133 143
 133 146
 133 148
 133 149
 134 135
 134 136
 134 140
 134 142
 134 143
 134 144
 134 145
 134 148
 135 136
 135 142
 135 143
 135 148
 136 137
 136 141
 136 143
 136 146
 136 148
 136 149
 137 142
 137 144
 137 149
 138 140
 138 142
 138 145
 138 147
 139 140
 139 143
 139 145
 139 146
 139 148
 140 141
 140 143
 140 144
 140 145
 140 146
 140 147
 140 148
 140 149
 141 145
 141 146
 141 147
 142 143
 142 144
 142 146
 142 147
 142 148
 144 145
 144 146
 144 148
 145 147
 145 148
 145 149
 146 147
 147 148
 147 149
 148 149
